sim   	     0	     1	     2	     3	     4	     5
0     	1.00000	0.99107	0.99513	0.98856	0.99371	0.99621
1     	0.99107	1.00000	0.99261	0.99195	0.99040	0.99425
2     	0.99513	0.99261	1.00000	0.98961	0.99477	0.99775
3     	0.98856	0.99195	0.98961	1.00000	0.98812	0.99149
4     	0.99371	0.99040	0.99477	0.98812	1.00000	0.99561
5     	0.99621	0.99425	0.99775	0.99149	0.99561	1.00000
