sim   	     0	     1	     2	     3	     4	     5
0     	1.00000	0.97663	0.96496	0.96785	0.97615	0.98701
1     	0.97663	1.00000	0.96035	0.96094	0.97193	0.98155
2     	0.96496	0.96035	1.00000	0.98092	0.96783	0.97737
3     	0.96785	0.96094	0.98092	1.00000	0.96103	0.97680
4     	0.97615	0.97193	0.96783	0.96103	1.00000	0.98359
5     	0.98701	0.98155	0.97737	0.97680	0.98359	1.00000
