sim   	     0	     1	     2	     3	     4	     5
0     	1.00000	0.96785	0.96103	0.96094	0.98092	0.97680
1     	0.96785	1.00000	0.97615	0.97663	0.96496	0.98701
2     	0.96103	0.97615	1.00000	0.97193	0.96783	0.98359
3     	0.96094	0.97663	0.97193	1.00000	0.96035	0.98155
4     	0.98092	0.96496	0.96783	0.96035	1.00000	0.97737
5     	0.97680	0.98701	0.98359	0.98155	0.97737	1.00000
